15 0
25
343 260
351 248
356 247
363 257
365 257
359 247
371 250
379 278
397 283
388 295
393 301
367 292
361 268
357 268
355 268
354 267
355 266
354 264
354 264
355 264
356 263
356 262
350 268
340 267
343 260
145
121 62
165 91
163 107
167 99
169 100
169 103
169 105
170 107
173 100
188 121
192 122
193 121
193 118
192 117
192 116
193 115
202 114
214 135
226 136
239 146
238 155
240 151
242 159
248 166
254 168
265 169
272 177
255 186
254 188
252 187
252 186
251 185
251 185
249 185
248 187
254 189
264 185
279 175
293 184
296 194
289 194
288 195
288 196
286 197
284 195
283 201
284 207
287 202
295 206
287 207
281 218
296 231
299 228
315 230
320 256
314 261
332 268
323 277
332 273
333 273
332 276
333 278
356 277
362 295
370 298
372 306
362 319
367 327
362 337
364 365
357 398
343 382
339 387
338 395
336 394
336 393
326 388
324 385
319 385
324 399
319 399
295 369
243 331
241 321
221 307
196 275
195 260
157 195
136 185
134 168
122 140
126 137
124 133
96 115
90 116
83 94
62 71
45 64
12 33
0 3
14 0
41 14
79 12
93 25
95 37
96 38
98 36
97 38
97 38
98 38
97 38
97 39
97 38
97 38
97 39
97 38
97 39
97 39
97 39
98 39
99 36
99 40
101 37
104 40
105 41
106 41
106 41
106 41
105 48
102 49
101 54
110 53
110 56
115 55
114 58
114 58
114 58
114 57
115 58
115 58
114 58
114 58
114 58
114 58
121 62
306
702 254
699 252
702 255
698 254
699 256
698 257
698 257
698 256
698 256
697 256
698 257
697 257
697 258
707 256
706 259
705 259
704 259
704 259
703 259
703 259
703 259
702 259
702 259
702 260
701 260
701 261
701 261
707 259
708 265
704 267
704 265
702 265
701 266
699 265
699 265
698 265
699 266
701 266
703 265
704 268
704 268
703 268
703 269
702 269
702 269
702 269
703 269
699 270
698 271
702 270
705 268
703 273
704 274
711 269
711 275
709 283
706 281
700 282
700 287
706 284
704 294
699 298
699 295
697 295
697 291
696 292
694 299
701 303
695 303
698 306
695 307
695 308
694 309
694 310
693 311
693 313
691 319
650 339
646 316
632 310
617 314
618 303
612 305
608 308
599 297
599 303
583 314
574 309
562 317
559 317
558 316
560 300
556 291
551 299
544 295
522 300
521 292
511 298
506 285
513 282
510 281
511 281
511 280
512 280
513 279
512 277
513 277
513 276
514 276
514 276
514 276
514 275
514 275
514 274
514 274
507 282
506 265
498 258
504 241
491 218
487 219
488 218
488 218
489 218
489 218
489 218
489 218
490 218
490 218
488 218
494 215
494 215
494 215
494 214
494 214
473 212
476 202
474 193
480 195
466 182
466 153
471 141
483 132
482 129
478 132
479 127
490 122
486 127
490 138
520 164
542 156
562 159
582 139
598 139
598 145
619 152
630 144
648 144
658 127
656 116
669 107
664 96
679 84
678 58
688 42
694 46
696 42
730 43
741 49
731 48
737 53
735 53
737 56
735 57
735 58
735 58
747 64
741 62
742 63
741 63
741 63
741 62
741 62
737 63
736 66
735 66
735 65
734 64
735 65
730 63
730 63
729 64
728 64
739 68
731 68
727 74
733 74
732 74
733 76
732 75
732 75
731 76
732 79
734 74
735 82
732 80
727 80
732 86
737 84
738 85
735 86
735 86
735 87
735 87
735 87
735 88
734 87
734 87
734 87
734 87
735 88
735 88
735 89
735 89
735 89
735 89
735 89
736 89
736 89
736 89
736 89
743 88
741 91
741 89
739 89
737 91
758 114
744 117
744 123
744 123
745 123
745 122
746 123
748 124
748 125
750 124
751 130
757 132
768 145
769 145
769 146
770 146
769 146
770 147
773 147
781 158
786 160
780 166
776 164
771 165
771 164
771 163
770 164
770 163
770 163
770 163
770 163
770 163
770 162
770 162
767 166
754 159
757 167
748 167
742 179
741 193
738 202
738 209
739 210
734 214
733 222
730 221
729 223
732 226
721 238
719 238
718 227
717 228
715 234
717 235
716 236
716 235
716 235
716 236
715 236
714 236
714 235
714 235
714 235
714 235
714 236
718 237
717 241
710 251
700 251
702 254
32
738 77
738 77
738 76
738 76
738 76
738 76
738 76
738 76
738 76
739 76
739 76
739 76
739 76
739 76
739 76
739 76
738 76
738 76
738 77
738 77
738 77
738 77
738 77
738 77
738 77
738 77
738 77
738 77
738 77
738 77
738 77
738 77
33
1044 126
1047 145
1037 160
1040 166
1052 155
1052 146
1059 140
1067 140
1066 157
1056 162
1052 167
1056 171
1063 174
1066 175
1065 182
1070 184
1072 187
1049 177
1043 184
1048 209
1053 218
1059 225
1059 226
1048 218
1043 207
1039 203
1040 183
1034 175
1037 164
1030 158
1035 133
1048 118
1044 126
124
827 307
824 336
827 355
821 372
826 388
810 386
802 391
793 381
803 343
803 331
798 323
800 317
797 314
794 313
782 318
778 302
782 294
778 291
790 280
796 261
796 235
808 216
813 224
811 199
805 194
812 198
810 187
814 186
813 178
818 176
824 161
834 168
841 158
841 148
843 147
860 148
859 154
866 158
889 158
899 163
901 166
905 161
904 161
905 160
933 165
951 153
950 147
958 143
957 139
962 133
968 135
970 143
965 147
963 155
948 179
944 178
924 184
913 183
907 176
880 177
870 180
862 175
849 180
836 176
826 180
818 196
818 216
826 228
829 226
832 229
837 243
849 244
865 222
874 229
882 221
904 220
897 217
907 214
919 221
915 231
908 223
900 227
887 246
872 252
866 262
856 255
855 258
856 264
858 260
862 269
870 274
875 288
884 295
882 299
889 303
883 309
885 312
886 314
881 312
880 319
893 329
889 332
893 338
899 335
899 347
893 344
895 350
890 346
876 350
876 361
863 362
857 356
862 335
841 317
847 305
844 292
848 288
847 284
832 287
821 297
821 298
823 300
823 304
827 307
27
1117 196
1127 196
1129 195
1129 196
1135 200
1137 204
1127 206
1126 205
1125 204
1124 202
1122 202
1120 197
1118 197
1121 204
1126 206
1120 209
1119 204
1117 205
1116 207
1117 207
1116 209
1115 203
1113 204
1107 201
1112 202
1109 197
1117 196
768
1211 241
1206 252
1208 276
1214 293
1215 283
1219 280
1220 297
1224 294
1224 307
1230 311
1239 311
1247 302
1262 271
1283 268
1283 260
1281 256
1282 255
1284 258
1286 258
1287 257
1288 258
1288 258
1287 257
1287 257
1287 256
1286 255
1286 255
1286 255
1286 254
1285 253
1285 253
1285 253
1285 253
1285 253
1297 245
1299 245
1299 248
1301 251
1300 250
1299 251
1300 252
1304 251
1301 250
1300 248
1300 249
1300 247
1316 256
1340 276
1349 275
1361 280
1362 282
1361 282
1361 285
1361 285
1367 285
1360 412
1355 424
1358 432
1350 506
1331 475
1334 471
1334 470
1333 469
1334 466
1330 472
1311 473
1308 474
1309 479
1307 479
1306 473
1308 471
1314 454
1305 442
1311 442
1313 443
1316 443
1318 440
1318 443
1322 443
1322 443
1322 442
1321 441
1322 440
1323 444
1324 445
1325 444
1326 441
1326 441
1327 441
1327 441
1327 441
1327 441
1327 443
1327 444
1327 445
1327 445
1328 445
1329 443
1330 441
1330 440
1330 439
1330 439
1332 438
1331 438
1330 439
1330 440
1330 441
1329 442
1329 442
1328 444
1328 445
1327 444
1327 441
1327 440
1326 441
1325 441
1325 443
1325 444
1324 444
1323 440
1321 437
1319 436
1318 436
1318 436
1318 435
1318 434
1312 428
1312 428
1311 428
1310 428
1310 425
1302 414
1299 397
1303 396
1303 396
1304 396
1304 397
1304 397
1304 397
1304 397
1304 397
1304 397
1304 397
1305 397
1305 397
1305 398
1306 397
1303 392
1297 395
1304 390
1302 386
1300 388
1301 385
1301 381
1298 382
1298 384
1297 385
1296 384
1296 380
1299 380
1299 379
1300 378
1302 376
1300 378
1299 379
1298 380
1298 378
1298 378
1298 377
1298 377
1299 377
1299 375
1299 377
1298 377
1298 378
1298 380
1296 380
1295 382
1295 380
1296 380
1299 376
1298 374
1294 380
1295 384
1292 380
1297 375
1296 374
1297 373
1298 372
1297 372
1298 372
1298 372
1298 371
1298 371
1298 371
1298 371
1298 371
1298 371
1298 371
1298 370
1297 372
1297 372
1297 372
1297 373
1296 373
1297 375
1295 377
1291 377
1293 374
1293 373
1294 372
1294 372
1295 372
1295 372
1296 372
1296 372
1294 372
1293 373
1293 374
1292 375
1292 376
1291 376
1291 377
1289 379
1289 380
1289 378
1291 375
1291 373
1291 373
1292 373
1293 371
1293 371
1293 371
1293 371
1293 371
1293 371
1293 371
1293 370
1294 371
1295 370
1295 370
1295 370
1294 369
1294 369
1294 369
1295 370
1295 370
1293 370
1293 371
1293 371
1293 371
1293 370
1292 372
1289 377
1292 369
1290 371
1289 372
1289 370
1290 370
1290 370
1290 370
1291 369
1291 369
1291 369
1291 369
1291 369
1291 369
1291 369
1291 369
1292 369
1289 367
1285 371
1288 367
1288 362
1287 363
1287 364
1287 365
1287 364
1286 364
1286 364
1287 365
1286 365
1287 366
1286 366
1286 366
1286 367
1286 367
1284 372
1286 366
1284 362
1284 367
1282 371
1284 365
1283 363
1283 365
1283 364
1283 364
1282 365
1281 366
1281 367
1281 367
1280 369
1279 367
1280 367
1280 366
1281 366
1281 366
1281 365
1281 364
1282 364
1282 364
1282 364
1282 364
1282 363
1282 363
1282 363
1283 362
1283 362
1280 362
1281 365
1279 365
1279 368
1278 367
1279 364
1280 364
1280 364
1280 363
1279 362
1278 366
1277 365
1277 364
1277 364
1278 364
1277 363
1278 363
1278 362
1278 362
1278 362
1278 362
1278 361
1278 361
1278 361
1278 361
1278 361
1278 361
1278 361
1278 362
1278 362
1278 362
1278 362
1278 362
1277 363
1277 365
1278 366
1276 367
1276 364
1276 364
1278 362
1276 359
1275 366
1274 365
1276 362
1275 360
1275 362
1274 361
1273 363
1274 364
1272 365
1273 361
1267 358
1266 363
1265 360
1262 360
1263 359
1263 358
1257 356
1257 355
1258 355
1255 356
1255 353
1254 354
1254 355
1254 355
1254 355
1253 354
1253 354
1254 354
1253 352
1251 353
1250 352
1251 352
1251 352
1251 351
1251 351
1251 352
1251 352
1251 351
1251 350
1251 350
1251 350
1251 350
1251 349
1251 348
1230 349
1217 337
1218 332
1223 333
1224 331
1218 330
1214 334
1210 329
1208 331
1210 333
1208 334
1206 329
1204 329
1205 324
1200 328
1198 317
1197 323
1194 321
1193 315
1195 313
1194 306
1197 306
1199 299
1200 302
1200 302
1200 302
1201 302
1200 296
1198 295
1194 302
1193 313
1187 310
1191 318
1187 322
1188 319
1188 318
1188 318
1189 317
1188 317
1189 316
1189 316
1187 316
1188 317
1188 318
1188 318
1188 317
1188 317
1188 317
1188 317
1187 318
1188 319
1185 317
1185 317
1185 317
1185 317
1185 318
1184 318
1184 318
1184 319
1183 319
1183 318
1183 318
1183 319
1184 319
1184 318
1184 318
1185 318
1185 317
1185 317
1187 319
1186 324
1188 328
1182 324
1186 329
1184 333
1174 336
1170 320
1175 317
1173 309
1171 307
1169 309
1168 305
1161 296
1152 296
1152 292
1154 291
1153 290
1151 290
1157 288
1155 288
1157 286
1172 291
1184 278
1183 283
1188 282
1187 287
1185 286
1185 287
1184 288
1184 288
1184 289
1188 287
1188 287
1187 288
1187 289
1188 289
1188 289
1188 289
1188 289
1188 290
1188 290
1188 290
1189 290
1188 288
1188 288
1188 288
1188 288
1188 288
1188 288
1188 289
1188 289
1188 288
1188 288
1188 288
1188 287
1189 285
1189 284
1189 282
1188 282
1189 281
1190 285
1189 286
1189 287
1189 288
1190 288
1190 288
1190 288
1190 288
1190 289
1195 283
1193 289
1194 289
1193 292
1194 292
1194 293
1194 294
1194 294
1194 294
1195 285
1197 290
1201 288
1198 286
1200 281
1199 279
1200 280
1201 280
1202 280
1203 280
1202 281
1202 281
1202 281
1203 283
1203 284
1204 284
1204 269
1203 266
1202 267
1202 268
1201 268
1202 267
1202 267
1202 266
1202 266
1202 265
1197 267
1194 272
1194 271
1193 271
1193 270
1194 270
1195 269
1194 269
1195 269
1195 269
1195 269
1195 269
1195 268
1190 267
1193 269
1192 271
1191 272
1191 270
1191 270
1192 271
1192 271
1192 271
1192 270
1192 270
1192 270
1192 269
1192 270
1192 270
1192 271
1191 270
1191 270
1191 270
1191 270
1191 269
1191 269
1191 269
1191 268
1190 268
1190 268
1190 268
1191 269
1191 269
1191 270
1191 269
1191 269
1190 270
1191 272
1161 273
1154 266
1156 263
1156 264
1160 261
1156 263
1155 264
1156 263
1155 262
1155 262
1155 261
1155 260
1155 260
1155 260
1155 260
1155 260
1155 259
1156 259
1156 260
1156 260
1156 260
1157 260
1157 260
1157 260
1157 259
1157 260
1157 260
1159 260
1160 258
1160 258
1160 258
1161 258
1161 258
1161 258
1161 258
1160 258
1160 257
1160 257
1161 258
1161 258
1161 257
1161 257
1161 257
1161 258
1162 257
1162 257
1161 258
1161 257
1160 257
1157 260
1157 260
1157 260
1157 259
1155 259
1154 262
1154 264
1154 264
1154 265
1152 262
1155 258
1151 257
1155 256
1153 253
1155 252
1155 251
1156 250
1157 250
1156 249
1156 249
1157 249
1157 249
1157 249
1156 249
1157 250
1156 250
1154 251
1155 250
1155 250
1156 249
1156 248
1155 248
1155 247
1155 247
1155 248
1156 249
1155 250
1155 250
1154 251
1154 251
1155 252
1151 254
1150 251
1153 248
1153 243
1148 250
1147 250
1149 246
1149 244
1148 244
1148 245
1148 244
1149 244
1149 244
1149 244
1149 244
1148 244
1148 248
1145 248
1147 246
1147 245
1146 243
1145 244
1144 243
1145 243
1146 242
1146 241
1146 241
1146 241
1146 240
1147 240
1147 240
1146 239
1141 246
1143 241
1143 238
1142 237
1139 247
1136 239
1134 242
1135 246
1125 244
1127 242
1129 238
1130 237
1132 237
1132 236
1134 232
1135 226
1133 223
1150 219
1165 206
1189 220
1204 219
1211 241
20
1120 313
1122 319
1121 328
1097 310
1086 309
1086 314
1070 311
1069 305
1057 314
1050 300
1043 318
1041 304
1049 300
1050 293
1074 291
1076 297
1087 290
1100 298
1110 298
1120 313
22
790 385
789 384
790 384
791 383
790 384
791 384
791 385
791 384
791 385
792 384
791 384
791 383
790 383
791 383
791 384
792 384
791 385
791 384
791 385
791 385
791 385
790 385
33
1205 402
1209 394
1203 391
1211 385
1211 386
1211 387
1211 388
1211 388
1211 388
1211 389
1211 389
1213 392
1214 392
1214 392
1214 392
1214 392
1214 393
1214 394
1215 394
1215 394
1215 394
1215 395
1215 395
1215 395
1215 396
1214 396
1214 396
1214 396
1216 396
1215 398
1216 400
1213 396
1205 402
51
357 419
368 397
372 402
394 405
400 404
400 398
410 400
421 410
436 413
444 409
452 427
473 431
481 428
512 433
519 418
529 415
537 425
545 422
565 432
579 430
582 443
588 445
587 455
597 460
625 456
637 462
633 486
640 493
598 478
593 478
588 482
585 481
579 484
552 477
548 482
547 479
541 480
541 478
541 477
518 476
476 459
457 456
440 463
411 452
378 448
382 434
340 430
339 427
345 423
348 429
357 419
24
1203 409
1202 406
1200 405
1201 401
1204 403
1203 405
1203 406
1205 409
1207 411
1205 413
1205 412
1205 411
1205 411
1205 412
1205 412
1204 411
1205 411
1205 411
1205 411
1204 411
1204 411
1204 411
1204 411
1203 409
28
885 482
893 476
887 476
888 472
894 473
895 479
888 483
888 485
889 487
889 488
857 498
846 495
834 501
809 494
802 498
799 494
802 486
802 485
802 483
808 481
809 484
819 477
850 489
854 485
866 483
872 490
878 489
885 482
31
757 490
749 498
726 504
714 506
705 501
709 486
710 487
715 486
719 481
732 482
732 485
739 493
753 491
737 477
744 471
754 481
766 478
765 487
767 485
769 479
776 479
776 490
781 487
781 489
779 494
766 494
772 494
774 495
773 497
759 498
757 490
