0 1
70
10 126
27 125
39 122
51 119
68 114
82 108
96 102
111 97
124 92
138 89
153 85
166 85
177 85
192 86
207 89
222 92
239 98
258 105
277 111
296 118
313 122
329 124
350 123
371 121
388 116
408 110
428 103
443 97
462 92
480 87
500 85
522 85
540 89
557 93
573 100
595 107
614 114
635 121
658 124
682 125
701 121
723 116
737 111
754 105
774 97
791 92
813 85
832 84
850 84
871 89
894 96
914 104
938 112
961 120
985 124
1010 125
1037 120
1056 115
1076 107
1095 100
1115 92
1139 86
1159 84
1182 85
1204 90
1228 97
1254 107
1277 114
1301 120
1326 123